nodes =

    0.00000   40.00000
    0.98017   40.04815
    1.95090   40.19215
    2.90285   40.43060
    3.82683   40.76120
    4.71397   41.18079
    5.55570   41.68530
    6.34393   42.26990
    7.07107   42.92893
    7.73010   43.65607
    8.31470   44.44430
    8.81921   45.28603
    9.23880   46.17317
    9.56940   47.09715
    9.80785   48.04910
    9.95185   49.01983
   10.00000   50.00000
    9.95185   50.98017
    9.80785   51.95090
    9.56940   52.90285
    9.23880   53.82683
    8.81921   54.71397
    8.31470   55.55570
    7.73010   56.34393
    7.07107   57.07107
    6.34393   57.73010
    5.55570   58.31470
    4.71397   58.81921
    3.82683   59.23880
    2.90285   59.56940
    1.95090   59.80785
    0.98017   59.95185
    0.00000   60.00000
    0.00000   39.00000
    1.07819   39.05297
    2.14599   39.21136
    3.19313   39.47366
    4.20952   39.83733
    5.18536   40.29887
    6.11127   40.85383
    6.97833   41.49689
    7.77817   42.22183
    8.50311   43.02167
    9.14617   43.88873
    9.70113   44.81464
   10.16267   45.79048
   10.52634   46.80687
   10.78864   47.85401
   10.94703   48.92181
   11.00000   50.00000
   10.94703   51.07819
   10.78864   52.14599
   10.52634   53.19313
   10.16267   54.20952
    9.70113   55.18536
    9.14617   56.11127
    8.50311   56.97833
    7.77817   57.77817
    6.97833   58.50311
    6.11127   59.14617
    5.18536   59.70113
    4.20952   60.16267
    3.19313   60.52634
    2.14599   60.78864
    1.07819   60.94703
    0.00000   61.00000
    0.00000   50.00000
    3.00000   50.00000
    0.00000   50.00000

