nodes =

     0.00000     0.00000
    50.00000     0.00000
    50.00000   100.00000
     0.00000   100.00000
     0.00000    40.00000
     0.98017    40.04815
     1.95090    40.19215
     2.90285    40.43060
     3.82683    40.76120
     4.71397    41.18079
     5.55570    41.68530
     6.34393    42.26990
     7.07107    42.92893
     7.73010    43.65607
     8.31470    44.44430
     8.81921    45.28603
     9.23880    46.17317
     9.56940    47.09715
     9.80785    48.04910
     9.95185    49.01983
    10.00000    50.00000
     9.95185    50.98017
     9.80785    51.95090
     9.56940    52.90285
     9.23880    53.82683
     8.81921    54.71397
     8.31470    55.55570
     7.73010    56.34393
     7.07107    57.07107
     6.34393    57.73010
     5.55570    58.31470
     4.71397    58.81921
     3.82683    59.23880
     2.90285    59.56940
     1.95090    59.80785
     0.98017    59.95185
     0.00000    60.00000
     0.00000    38.00000
     1.17621    38.05778
     2.34108    38.23058
     3.48342    38.51672
     4.59220    38.91345
     5.65676    39.41694
     6.66684    40.02236
     7.61272    40.72387
     8.48528    41.51472
     9.27613    42.38728
     9.97764    43.33316
    10.58306    44.34324
    11.08655    45.40780
    11.48328    46.51658
    11.76942    47.65892
    11.94222    48.82379
    12.00000    50.00000
    11.94222    51.17621
    11.76942    52.34108
    11.48328    53.48342
    11.08655    54.59220
    10.58306    55.65676
     9.97764    56.66684
     9.27613    57.61272
     8.48528    58.48528
     7.61272    59.27613
     6.66684    59.97764
     5.65676    60.58306
     4.59220    61.08655
     3.48342    61.48328
     2.34108    61.76942
     1.17621    61.94222
     0.00000    62.00000

